<?xml version="1.0" standalone="no"?>
<!DOCTYPE svg PUBLIC "-//W3C//DTD SVG 20010904//EN"
 "http://www.w3.org/TR/2001/REC-SVG-20010904/DTD/svg10.dtd">
<svg version="1.0" xmlns="http://www.w3.org/2000/svg"
 width="35.512567pt" height="90.406297pt" viewBox="0 0 35.512567 90.406297"
 preserveAspectRatio="xMidYMid meet">
<metadata>
Created by potrace 1.12, written by Peter Selinger 2001-2015
</metadata>
<g transform="translate(-14.468289,105.000000) scale(0.100000,-0.100000)"
fill="#000000" stroke="none">
<path d="M438 1038 c18 -18 15 -55 -5 -62 -9 -4 -23 0 -32 9 -13 13 -13 19 -3
35 11 18 10 20 -13 20 -21 0 -25 -5 -25 -28 0 -61 83 -87 108 -35 6 15 12 37
12 50 0 18 -5 23 -27 23 -21 0 -24 -3 -15 -12z"/>
<path d="M391 675 c0 -82 5 -148 11 -151 5 -3 7 -12 4 -20 -3 -8 -3 -21 0 -29
5 -12 10 -13 20 -4 16 13 19 75 4 84 -12 7 -10 124 2 131 14 9 9 104 -6 120
-33 32 -37 16 -35 -131z"/>
<path d="M156 581 c-15 -16 -15 -19 -1 -31 13 -11 15 -26 10 -79 -3 -36 -8
-73 -11 -83 -6 -22 13 -33 31 -18 10 8 15 31 15 61 0 34 4 49 13 49 17 0 37
-20 37 -38 0 -8 11 -25 25 -38 14 -13 25 -28 25 -34 0 -6 10 -21 23 -34 22
-23 83 -103 103 -138 21 -35 46 -57 60 -51 16 6 19 59 4 68 -5 3 -10 17 -10
30 0 13 -4 27 -10 30 -5 3 -10 24 -10 46 0 21 -4 39 -10 39 -5 0 -10 18 -10
41 0 28 -4 39 -12 37 -16 -6 -24 -88 -9 -88 6 0 11 -13 11 -29 0 -17 5 -33 10
-36 14 -8 13 -35 -1 -35 -12 0 -69 60 -69 73 0 4 -9 18 -20 30 -25 27 -70 95
-70 106 0 4 -9 16 -20 26 -11 10 -20 24 -20 30 0 7 -7 19 -16 26 -9 7 -20 23
-25 36 -10 28 -21 29 -43 4z"/>
</g>
</svg>
